0.706501462	0.684259431	0.706169266	0.523136523	0.768248323	0.748530038	0.763586957	0.614902575	0.681105703	0.647635496	0.681365576	0.472883754	0.55049505	0.665771812	0.57037037	0.286681716	0.439716312	0.476923077	0.533333333	0.394366197	0.674434245	0.650119403	0.657947785	0.496758656	0.707064735	0.701616722	0.705558056	0.539313573	0.642694928	0.582959641	0.643504532	0.460985626	0.680902498	0.67255075	0.66212766	0.502553626	0.706976744	0.670050761	0.590785908	0.449101796	0.765743073	0.692111959	0.689170183	0.43	0.570936385	0.507483662	0.579432102	0.448915009
0.702253269	0.660118776	0.710777301	0.648403851	0.76552901	0.726284849	0.764480735	0.748356561	0.671406083	0.621339472	0.6858691	0.597299115	0.572839506	0.639751553	0.567607727	0.264123258	0.476923077	0.597938144	0.578313253	0.432432432	0.677955975	0.626134038	0.684986121	0.594626896	0.710697674	0.683626142	0.719726686	0.660721635	0.654545455	0.593248945	0.652956298	0.622749231	0.686462882	0.673703534	0.650092081	0.67079646	0.700729927	0.623655914	0.551136364	0.618925831	0.698795181	0.656294201	0.618127786	0.563718141	0.622868014	0.574780466	0.609578914	0.568524854
0.760631548	0.711509529	0.767053783	0.713928705	0.817996908	0.779116466	0.82029735	0.827368931	0.734023424	0.671029578	0.743026546	0.65775127	0.627671541	0.723098996	0.625	0.222652469	0.453125	0.565656566	0.564705882	0.45	0.73207289	0.671035754	0.739944593	0.647551948	0.766348041	0.736493787	0.775505322	0.719762185	0.721071864	0.6416	0.707815631	0.705058366	0.758424685	0.737655646	0.701164295	0.756222837	0.741935484	0.661417323	0.586956522	0.704545455	0.774842767	0.736842105	0.705555556	0.659370725	0.708729207	0.643345104	0.676350431	0.649371022
0.793315794	0.769389866	0.79766088	0.719644564	0.845554318	0.828194546	0.850968242	0.840371081	0.770456606	0.736214749	0.775305392	0.660072595	0.651515152	0.744623656	0.646489104	0.201619433	0.439393939	0.532110092	0.564705882	0.469135802	0.761743399	0.739974358	0.761784384	0.647026003	0.800420818	0.783530163	0.798409806	0.721793548	0.772424599	0.688846881	0.756178532	0.732289336	0.800469484	0.806257521	0.760191847	0.781811234	0.789356984	0.707616708	0.642857143	0.752212389	0.817073171	0.772327044	0.760264901	0.683181226	0.762218268	0.704389212	0.698589311	0.662632908
0.800880585	0.789394813	0.800412053	0.716373531	0.850349211	0.84538376	0.854168262	0.838282248	0.783539708	0.758864246	0.778458068	0.655430203	0.610009443	0.75328084	0.641686183	0.204949729	0.421768707	0.525423729	0.551724138	0.49382716	0.762022726	0.768021569	0.763437721	0.633045421	0.80471584	0.797075183	0.798915695	0.719302495	0.785500747	0.70688379	0.760815159	0.74098848	0.812220566	0.821102737	0.767231193	0.783590516	0.811839323	0.709359606	0.653366584	0.766146993	0.84714119	0.78368356	0.773263434	0.709923664	0.771370735	0.729916856	0.69505533	0.660891958
0.796642417	0.799183928	0.786916858	0.715519175	0.846490542	0.850298461	0.852758881	0.837792509	0.78304724	0.772328438	0.759809342	0.654739798	0.558297872	0.756066411	0.634254144	0.205714286	0.392405063	0.496	0.539325843	0.475	0.757111948	0.778725807	0.746518529	0.63223674	0.798774995	0.80224733	0.779336405	0.718291055	0.779648609	0.707997065	0.752893125	0.741780569	0.807706289	0.83172147	0.77202473	0.788106887	0.813141684	0.737588652	0.687651332	0.746203905	0.839590444	0.789346247	0.793814433	0.718789407	0.767714392	0.736456066	0.667535642	0.660468924
0.791933241	0.797149779	0.775010208	0.716764624	0.8418427	0.849025333	0.847855328	0.838632369	0.781585867	0.768553284	0.745625643	0.656893353	0.518345043	0.777626194	0.613778706	0.210246679	0.385093168	0.545454545	0.539325843	0.487804878	0.751129669	0.77875872	0.727528189	0.633270438	0.79430588	0.801365188	0.765372655	0.71940443	0.773796598	0.708286882	0.739562624	0.747391952	0.793865906	0.812297735	0.771102662	0.780052103	0.803245436	0.717821782	0.698564593	0.763326226	0.841394826	0.7875	0.806122449	0.725465839	0.764473272	0.736164351	0.642714571	0.660101113
0.763205114	0.756910497	0.764462919	0.37781905	0.828169889	0.83164365	0.837227058	0.503547579	0.746198611	0.713554484	0.735510888	0.302930306	0.445774121	0.741602067	0.511677282	0.318875993	0.416666667	0.420289855	0.505494505	0.410958904	0.657759369	0.693892355	0.658504187	0.33479404	0.778319783	0.773017202	0.780435998	0.33774143	0.69408539	0.655035686	0.720654397	0.279283887	0.693977878	0.660447761	0.588904694	0.329803328	0.589473684	0.553072626	0.410876133	0.253012048	0.786570743	0.769792935	0.714482759	0.674213836	0.693537878	0.386789188	0.582903352	0.23258311
0.769362171	0.768569853	0.766561192	0.557302632	0.839803591	0.8449114	0.845163223	0.712869534	0.753581662	0.725570622	0.735265622	0.477152148	0.410081744	0.730582524	0.503611971	0.254211332	0.451612903	0.421052632	0.549450549	0.382352941	0.655320255	0.705890603	0.659522488	0.47712552	0.784678845	0.783649304	0.778673546	0.564375182	0.691367456	0.658574785	0.730645161	0.366389839	0.696701529	0.633222906	0.572254335	0.381045432	0.589473684	0.553072626	0.379746835	0.266666667	0.793727382	0.776331361	0.722527473	0.664928292	0.707057257	0.525971995	0.598062533	0.400860497
0.775736206	0.78049478	0.766236986	0.667491749	0.837256116	0.843984962	0.844594089	0.802624026	0.765609195	0.745722769	0.736537348	0.608344018	0.422326833	0.758454106	0.50203252	0.205846027	0.445945946	0.397515528	0.558139535	0.405797101	0.657083361	0.706372924	0.658839241	0.545594164	0.787330317	0.795201691	0.768109198	0.690862944	0.732069863	0.689447991	0.75443787	0.560559685	0.741411854	0.69265233	0.644235083	0.547211243	0.62755102	0.571428571	0.409937888	0.243161094	0.81183432	0.779931585	0.729508197	0.670116429	0.73525143	0.64147577	0.614960761	0.546307905
0.783327345	0.786108425	0.769911721	0.691539433	0.842743817	0.847924824	0.846572686	0.824697337	0.772762825	0.752122399	0.740022719	0.631913481	0.444289694	0.762962963	0.546006067	0.203179527	0.466666667	0.468965517	0.574712644	0.444444444	0.66671231	0.717060515	0.6644678	0.552171678	0.790736146	0.794935452	0.767823376	0.711874884	0.73807777	0.69298893	0.747538678	0.649151172	0.768555759	0.749364945	0.70193115	0.659340659	0.714285714	0.569863014	0.486803519	0.332378223	0.827830189	0.792102207	0.766578249	0.679340938	0.746711463	0.687396199	0.626266488	0.597428167
0.785787477	0.792719862	0.771883805	0.702601492	0.841237755	0.849726349	0.848403462	0.831312726	0.775286589	0.762010553	0.74228811	0.643401487	0.472913616	0.763454318	0.549019608	0.201897533	0.425	0.460431655	0.551724138	0.459459459	0.669921194	0.720124672	0.673904394	0.562784054	0.791058935	0.799481417	0.763498483	0.709306592	0.752453653	0.701908957	0.749568221	0.683098592	0.783482944	0.799677549	0.751403368	0.724366472	0.791397849	0.565217391	0.514124294	0.551378446	0.822299652	0.791519435	0.757978723	0.696428571	0.750740825	0.705553869	0.633368469	0.622239629
0.788839534	0.796861378	0.774759998	0.713868777	0.842926221	0.850195465	0.845083071	0.836392658	0.777706186	0.769237812	0.746876617	0.656026267	0.490508732	0.752525253	0.603773585	0.205323194	0.405228758	0.444444444	0.522727273	0.41025641	0.682180473	0.730490863	0.678764835	0.568506621	0.792848629	0.800466888	0.763762506	0.718414834	0.7629683	0.710821571	0.748249416	0.722644377	0.792534099	0.820294345	0.763803681	0.766957181	0.814196242	0.668329177	0.608247423	0.736141907	0.830275229	0.778698225	0.791237113	0.707070707	0.758791396	0.720464198	0.641781866	0.650232668
0.791933241	0.797149779	0.775010208	0.716764624	0.8418427	0.849025333	0.847855328	0.838632369	0.781585867	0.768553284	0.745625643	0.656893353	0.518345043	0.777626194	0.613778706	0.210246679	0.385093168	0.545454545	0.539325843	0.487804878	0.689381933	0.756352765	0.683815399	0.568792726	0.79430588	0.801365188	0.765372655	0.71940443	0.773796598	0.708286882	0.739562624	0.747391952	0.793865906	0.812297735	0.771102662	0.780052103	0.803245436	0.717821782	0.698564593	0.763326226	0.841394826	0.7875	0.806122449	0.725465839	0.764473272	0.736164351	0.642714571	0.660101113
0.795668234	0.801006289	0.77891458	0.71901861	0.843347136	0.848886119	0.847751382	0.839728759	0.781309276	0.775452643	0.749551791	0.657769816	0.590248075	0.796568627	0.671689989	0.220735786	0.405228758	0.436619718	0.561797753	0.487804878	0.710353082	0.749059804	0.700614889	0.587511114	0.796576457	0.801670146	0.766136295	0.720478145	0.779956427	0.705462335	0.744155844	0.737450343	0.811895378	0.845516202	0.783253057	0.791666667	0.835390947	0.811279826	0.745995423	0.788381743	0.848484848	0.811659193	0.839506173	0.762589928	0.773846154	0.751266376	0.653793322	0.674057011
0.795778394	0.80032233	0.778786865	0.721109657	0.843659661	0.843325093	0.848462172	0.840348215	0.78063232	0.777802965	0.748561439	0.659162257	0.604291845	0.784958872	0.693048128	0.233679525	0.38961039	0.433566434	0.534883721	0.49382716	0.718598301	0.762402089	0.705498883	0.581956625	0.796908026	0.80661562	0.764187136	0.721376812	0.777415852	0.700496806	0.742453436	0.738550307	0.818019306	0.836879433	0.798529412	0.802056555	0.836065574	0.802575107	0.745995423	0.797494781	0.847385272	0.735381566	0.851941748	0.780373832	0.777433565	0.748652252	0.654784783	0.682013893
0.796956032	0.792542106	0.781473257	0.719314832	0.842717836	0.826552795	0.848772405	0.838084561	0.781165753	0.773256889	0.750285399	0.657692308	0.629294756	0.840613932	0.754385965	0.241202346	0.402777778	0.374193548	0.528735632	0.469135802	0.722530009	0.753165523	0.710733629	0.572233778	0.797815534	0.795756297	0.768468423	0.720488631	0.783053324	0.736325915	0.739046392	0.732928137	0.83248731	0.843391902	0.81607077	0.80671043	0.836820084	0.806100218	0.771362587	0.793248945	0.845986985	0.660472973	0.880189798	0.778149387	0.782057867	0.729002994	0.661097409	0.68041946
0.761681591	0.765276238	0.728646805	0.704864415	0.830338057	0.839636794	0.838085234	0.826083435	0.747631432	0.722013279	0.683424709	0.640594059	0.429042904	0.79760479	0.590631365	0.415213946	0.402366864	0.457142857	0.6	0.536585366	0.662812277	0.684731183	0.619361702	0.533858378	0.763666647	0.769809459	0.710119582	0.72863166	0.694208779	0.650728427	0.713162393	0.678671469	0.755377324	0.8049265	0.752177356	0.750382848	0.807228916	0.746543779	0.715990453	0.770526316	0.827118644	0.827664399	0.797435897	0.705436157	0.727825065	0.673022858	0.563072917	0.633903089
0.782909608	0.785416901	0.75080664	0.723758804	0.835216573	0.845015271	0.842231016	0.832730488	0.773057859	0.752277618	0.712758827	0.670438605	0.492883895	0.78757764	0.612765957	0.281412253	0.383233533	0.463768116	0.568181818	0.469135802	0.679838477	0.716899892	0.650188847	0.575560081	0.784297323	0.786656037	0.735005558	0.730930634	0.750990991	0.685693377	0.725310661	0.716894977	0.782766112	0.816517335	0.766871166	0.772171254	0.82815735	0.752886836	0.716981132	0.76433121	0.826280624	0.801843318	0.798975672	0.718789407	0.752017398	0.711741011	0.602275997	0.659065612
0.786372007	0.792676753	0.761468756	0.723676392	0.838805736	0.847441715	0.843663551	0.835055676	0.774972253	0.762771553	0.727558717	0.668839216	0.507763975	0.782608696	0.620469083	0.24918944	0.4	0.47761194	0.555555556	0.481927711	0.683399638	0.727927928	0.665762559	0.58260753	0.789678501	0.792904493	0.746979702	0.724361325	0.762909091	0.702683104	0.730304021	0.730783794	0.788571429	0.823803967	0.770119369	0.774339623	0.817073171	0.755760369	0.705607477	0.779661017	0.829763247	0.794811321	0.799489144	0.724269377	0.757172248	0.716323296	0.620221883	0.661681799
0.791933241	0.797149779	0.775010208	0.716764624	0.8418427	0.849025333	0.847855328	0.838632369	0.781585867	0.768553284	0.745625643	0.656893353	0.518345043	0.777626194	0.613778706	0.210246679	0.385093168	0.545454545	0.539325843	0.487804878	0.689381933	0.756352765	0.683815399	0.568792726	0.79430588	0.801365188	0.765372655	0.71940443	0.773796598	0.708286882	0.739562624	0.747391952	0.793865906	0.812297735	0.771102662	0.780052103	0.803245436	0.717821782	0.698564593	0.763326226	0.841394826	0.7875	0.806122449	0.725465839	0.764473272	0.736164351	0.642714571	0.660101113
0.794116014	0.806695828	0.787571338	0.712274429	0.84402956	0.850452701	0.849588015	0.839029064	0.782820395	0.785609934	0.76317174	0.649233544	0.5248	0.744759556	0.620545073	0.194640339	0.412903226	0.430555556	0.568181818	0.475	0.692107921	0.74373601	0.698666031	0.560465732	0.796413628	0.811084367	0.779947716	0.718274112	0.769064748	0.708706557	0.748840292	0.744134078	0.806657224	0.835356601	0.778151889	0.783743475	0.813627255	0.757369615	0.703087886	0.760259179	0.835787089	0.779859485	0.808132147	0.725907384	0.76634771	0.740216683	0.664050953	0.657444082
0.79920268	0.807002778	0.803631894	0.704445557	0.846779819	0.847148644	0.848958725	0.835418825	0.788827839	0.788253053	0.788218244	0.639526011	0.539473684	0.737361282	0.609062171	0.180397265	0.358024691	0.428571429	0.522727273	0.463414634	0.695994841	0.751725641	0.716388495	0.553758452	0.803925088	0.810610276	0.804601374	0.712308901	0.785816619	0.711015737	0.764725682	0.745874587	0.808901448	0.824990591	0.770448549	0.772560528	0.804828974	0.756264237	0.717339667	0.75161987	0.831081081	0.781990521	0.795892169	0.725663717	0.771100722	0.746107573	0.695135963	0.653657126
0.801395834	0.811216319	0.816011056	0.704308567	0.846609713	0.848253869	0.849401198	0.83408856	0.792639709	0.794526838	0.807580175	0.639906294	0.542317173	0.737745098	0.590909091	0.17483871	0.344827586	0.422535211	0.494623656	0.419753086	0.70246817	0.757090909	0.738492794	0.554451484	0.807673975	0.816052681	0.822127005	0.714285714	0.784819191	0.724606581	0.771331058	0.746656761	0.798331015	0.820705176	0.768885565	0.785766691	0.822580645	0.762331839	0.71563981	0.753812636	0.834645669	0.783018868	0.769633508	0.713924051	0.773836294	0.754855798	0.719568226	0.657464626
0.807087912	0.810438319	0.82584314	0.739260563	0.847201909	0.84957957	0.848430088	0.784320184	0.79994565	0.79174971	0.823092818	0.720225848	0.556223176	0.762470309	0.595555556	0.57979798	0.375757576	0.387096774	0.516853933	0.543209877	0.712254763	0.760674982	0.758383035	0.630712711	0.814165623	0.814188131	0.83453319	0.744792003	0.780752533	0.719914803	0.77574048	0.675197591	0.794117647	0.809073724	0.760606061	0.745869947	0.812121212	0.764302059	0.717339667	0.741803279	0.832764505	0.797281993	0.763157895	0.74601227	0.781376291	0.759315444	0.743541344	0.714131801
